56.46
33.91
15.03
5.63
28.45
27.97
32.83
18.16
15.75
22.55
56.66
34.12
15.10
5.37
28.74
27.93
33.00
18.53
15.85
22.94
56.93
34.12
14.04
6.68
29.17
28.05
33.97
17.57
16.66
22.05
56.56
34.00
15.37
5.46
28.08
27.79
33.03
17.97
15.57
22.89
56.71
34.00
15.09
5.53
28.02
27.83
32.94
18.25
15.82
23.04
56.53
33.12
14.93
5.94
28.13
27.09
32.61
17.80
15.45
22.62
56.51
33.35
14.92
5.94
28.09
27.21
32.93
18.46
15.99
22.44
56.75
33.85
15.84
5.34
28.56
27.65
32.97
18.47
15.69
22.44
56.76
33.93
14.29
6.35
28.70
27.83
33.41
17.34
14.73
22.22
